// Families
font_family_serif = 'Merriweather', serif
font_family_sans = 'Merriweather Sans', sans-serif


// Sizes
font_size_main = 14px
font_size_s = .8571428571428571em
font_size_m = 1em
font_size_l = 1.1428571429em
font_size_xl = 1.4285714285714286em
font_size_xxl = 1.5714285714285714em
font_size_xxxl = 3.4285714285714283em
